scene_000.png 1.086410 4.766730 -1.449960 0.789455 0.051299 -0.000779 0.611661
scene_001.png 1.086390 4.766370 -1.449530 0.789180 0.051881 -0.001131 0.611966
scene_002.png 1.086120 4.765520 -1.449090 0.788982 0.052159 -0.000735 0.612198
scene_003.png 1.086770 4.764690 -1.448370 0.789120 0.052424 -0.000435 0.611997
scene_004.png 1.087350 4.764080 -1.447450 0.789491 0.053072 0.000288 0.611463
scene_005.png 1.088270 4.764280 -1.447530 0.789103 0.052824 0.000816 0.611985
scene_006.png 1.088180 4.764000 -1.447060 0.789445 0.052823 0.001798 0.611541
scene_007.png 1.088200 4.764520 -1.448060 0.789570 0.053230 0.002865 0.611341
scene_008.png 1.088360 4.764640 -1.447410 0.790880 0.054785 0.004331 0.609499
scene_009.png 1.088430 4.764090 -1.446630 0.792089 0.056638 0.005457 0.607748
scene_010.png 1.088540 4.763680 -1.447050 0.792669 0.058840 0.006973 0.606766
scene_011.png 1.088720 4.762770 -1.447120 0.793506 0.061366 0.009090 0.605393
scene_012.png 1.089020 4.762660 -1.448830 0.794043 0.064162 0.011311 0.604360
scene_013.png 1.090240 4.761430 -1.448350 0.795391 0.065795 0.013323 0.602367
scene_014.png 1.091630 4.761360 -1.451360 0.795289 0.066390 0.015679 0.602380
scene_015.png 1.093200 4.760840 -1.453040 0.795634 0.066338 0.019930 0.601805
scene_016.png 1.094690 4.761480 -1.455080 0.796222 0.065302 0.023278 0.601019
scene_017.png 1.096680 4.762280 -1.457140 0.797191 0.063417 0.025766 0.599834
scene_018.png 1.098130 4.764970 -1.460810 0.797819 0.062463 0.028739 0.598963
scene_019.png 1.098870 4.767090 -1.463920 0.798638 0.061094 0.030987 0.597900
scene_020.png 1.098910 4.768230 -1.466230 0.799432 0.060270 0.033440 0.596789
scene_021.png 1.100110 4.770360 -1.470520 0.799265 0.058805 0.035228 0.597056
scene_022.png 1.100800 4.771400 -1.471840 0.800313 0.057541 0.036984 0.595667
scene_023.png 1.101530 4.773220 -1.475890 0.800386 0.056500 0.038905 0.595547
scene_024.png 1.102210 4.775040 -1.478590 0.800949 0.055939 0.040804 0.594715
scene_025.png 1.103110 4.776320 -1.481330 0.801346 0.054857 0.041892 0.594205
scene_026.png 1.103970 4.778460 -1.483480 0.802510 0.054024 0.043512 0.592592
scene_027.png 1.104300 4.780550 -1.486450 0.803039 0.053741 0.044714 0.591812
scene_028.png 1.103600 4.782430 -1.488970 0.803590 0.053235 0.045117 0.591078
scene_029.png 1.102430 4.784310 -1.491400 0.804098 0.052714 0.045283 0.590421
